1000 4700
0 64
0 268
0 481
0 535
0 538
0 764
0 826
0 953
1 282
1 285
1 440
1 512
1 583
1 609
1 702
1 779
1 862
1 891
1 909
1 922
2 62
2 168
2 288
2 401
2 486
2 650
2 680
2 682
2 790
2 912
2 938
2 961
3 101
3 182
3 187
3 257
3 316
3 318
3 370
3 523
3 551
3 607
3 657
3 720
3 867
3 910
3 968
4 103
4 240
4 369
4 547
4 704
4 893
5 132
5 212
5 242
5 357
5 411
5 494
5 509
5 511
5 597
5 765
5 809
5 846
5 849
5 948
5 965
6 186
6 261
6 282
6 285
6 396
6 402
6 576
6 702
6 847
6 862
6 891
6 981
7 225
7 449
7 450
7 519
7 733
7 778
7 825
7 979
7 980
8 287
8 460
8 477
8 552
8 644
8 859
8 892
9 46
9 133
9 460
9 603
9 635
9 644
9 888
9 892
9 894
10 343
10 472
10 538
10 659
10 729
10 828
11 29
11 119
11 633
11 637
11 841
11 902
11 920
12 250
12 272
12 353
12 457
12 526
12 595
12 928
13 70
13 209
13 291
13 503
13 667
13 706
13 903
14 446
14 476
14 517
14 540
14 541
14 747
14 802
14 858
14 937
15 297
15 352
15 584
15 850
15 927
15 934
15 996
16 47
16 245
16 408
16 466
16 488
16 645
16 665
16 668
16 681
16 826
17 135
17 223
17 562
17 697
17 856
17 916
17 952
17 978
18 24
18 45
18 244
18 325
18 398
18 447
18 617
18 743
18 760
18 766
18 869
19 72
19 179
19 410
19 499
19 570
19 631
19 671
19 997
20 108
20 261
20 396
20 452
20 500
20 730
20 869
20 904
20 966
20 981
21 120
21 194
21 227
21 262
21 319
21 338
21 391
21 569
21 640
21 691
21 761
21 762
22 66
22 286
22 409
22 451
22 501
22 791
22 808
23 142
23 204
23 359
23 392
23 554
23 572
23 614
23 639
23 737
23 776
23 806
24 45
24 244
24 280
24 325
24 447
24 463
24 617
24 760
24 766
24 869
25 176
25 202
25 220
25 277
25 278
25 291
25 311
25 638
25 718
25 785
26 193
26 424
26 555
26 769
27 159
27 295
27 482
27 539
27 545
27 757
28 61
28 113
28 120
28 251
28 310
28 319
28 520
29 119
29 255
29 351
29 611
29 633
29 637
29 902
29 920
30 110
30 199
30 253
30 289
30 491
30 521
30 564
30 579
30 604
30 722
30 796
31 190
31 200
31 271
31 525
31 566
31 577
31 687
32 68
32 139
32 177
32 290
32 407
32 508
32 612
32 876
32 886
33 69
33 163
33 229
33 254
33 270
33 355
33 483
33 527
33 708
33 739
34 67
34 89
34 107
34 271
34 437
34 525
34 687
34 933
35 94
35 188
35 208
35 265
35 269
35 423
35 429
35 478
35 480
35 505
35 522
35 537
35 561
35 586
35 587
35 636
35 649
35 736
35 838
35 839
35 924
35 940
36 71
36 496
36 548
37 79
37 240
37 458
37 589
37 598
37 629
37 801
38 48
38 149
38 293
38 364
38 600
38 621
38 634
38 758
38 792
38 865
38 925
39 248
39 337
39 502
39 507
39 558
39 593
39 606
39 811
39 824
40 151
40 228
40 234
40 375
40 470
40 555
40 751
40 818
40 853
40 944
41 82
41 234
41 273
41 366
41 375
41 751
41 783
41 814
42 233
42 248
42 259
42 502
42 507
42 593
42 820
42 834
42 845
43 128
43 152
43 166
43 222
43 226
43 326
43 413
43 526
43 896
43 928
43 995
44 102
44 249
44 484
44 658
44 797
44 935
44 983
45 244
45 325
45 398
45 447
45 617
45 743
45 760
45 766
46 133
46 635
46 783
46 814
46 877
47 245
47 408
47 466
47 488
47 645
47 665
47 668
47 681
47 826
48 156
48 229
48 254
48 355
48 364
48 527
48 634
48 758
48 884
48 925
48 994
49 307
49 381
49 414
49 434
49 485
49 529
49 669
49 679
49 799
49 829
49 897
49 947
49 958
49 989
50 74
50 143
50 449
50 519
50 565
50 592
50 732
50 748
50 827
50 866
50 967
50 979
50 985
51 127
51 459
51 844
51 870
51 954
52 367
52 444
52 477
52 585
52 663
52 791
53 73
53 125
53 191
53 241
53 323
53 403
53 563
53 573
53 626
53 735
53 955
53 982
54 207
54 222
54 458
54 461
54 516
54 598
54 605
54 749
54 831
54 873
54 946
54 984
54 990
55 59
55 123
55 334
55 335
55 336
55 932
56 107
56 308
56 412
56 647
56 662
56 670
56 738
56 817
56 823
56 885
56 889
56 988
56 993
57 130
57 167
57 275
57 292
57 340
57 475
57 558
57 620
57 804
57 811
57 830
57 883
57 900
57 975
58 282
58 439
58 440
58 528
58 664
58 683
58 702
58 872
58 909
59 132
59 334
59 335
59 999
60 196
60 215
60 307
60 339
60 414
60 674
60 679
60 686
60 837
60 947
60 957
61 113
61 120
61 194
61 227
61 251
61 310
61 319
61 338
61 761
62 168
62 281
62 680
62 773
62 912
62 938
63 76
63 114
63 118
63 216
63 348
63 465
63 506
63 696
63 714
63 715
63 759
63 787
63 871
63 931
63 969
64 268
64 535
64 599
64 764
64 826
64 953
65 94
65 101
65 208
65 376
65 505
65 523
65 586
65 607
65 619
65 720
65 838
65 839
66 286
66 409
66 416
66 501
66 632
66 767
67 89
67 107
67 271
67 437
67 525
67 687
67 933
68 508
68 542
68 550
68 612
68 726
68 876
68 886
68 921
68 923
68 930
69 163
69 197
69 254
69 739
69 807
69 812
69 819
69 956
70 209
70 363
70 503
70 627
70 667
70 706
70 874
70 899
70 903
70 949
71 350
71 495
71 496
71 548
71 571
71 676
72 179
72 410
72 499
72 570
72 631
72 997
73 85
73 125
73 246
73 323
73 327
73 403
73 735
73 780
73 848
73 955
73 974
74 174
74 184
74 592
74 723
74 827
74 890
74 979
74 985
75 205
75 344
75 388
75 650
75 822
75 901
75 963
75 964
76 100
76 114
76 348
76 443
76 677
76 714
76 715
76 759
76 787
76 931
77 150
77 232
77 345
77 666
77 672
77 863
77 868
77 895
77 918
77 939
78 79
78 124
78 371
78 385
78 421
78 456
78 580
78 598
78 618
78 831
78 945
79 124
79 207
79 371
79 456
79 458
79 461
79 489
79 598
79 831
79 945
79 984
80 83
80 349
80 678
80 794
80 844
80 954
81 96
81 300
81 321
81 380
81 397
81 406
81 685
81 799
81 958
81 989
82 191
82 273
82 366
82 393
82 821
82 987
83 357
83 411
83 482
83 539
83 678
83 746
83 794
83 954
83 965
84 162
84 238
84 361
84 374
84 417
84 630
84 711
84 768
84 960
85 109
85 246
85 323
85 327
85 445
85 735
85 780
85 848
85 955
85 974
86 97
86 221
86 294
86 400
86 433
86 524
86 836
86 905
86 914
86 977
87 93
87 98
87 158
87 195
87 296
87 490
87 556
87 568
87 602
88 113
88 126
88 162
88 264
88 276
88 356
88 590
88 660
88 707
88 833
88 842
89 437
89 525
89 687
90 180
90 236
90 481
90 567
90 690
90 923
91 266
91 353
91 516
91 605
91 835
91 946
91 990
92 111
92 312
92 342
92 343
92 386
92 425
92 487
92 510
92 518
92 533
92 588
92 659
92 729
92 810
92 816
92 828
93 98
93 150
93 195
93 372
93 435
93 615
93 654
93 672
93 918
93 939
94 269
94 376
94 429
94 480
94 505
94 530
94 586
94 587
94 608
94 649
94 838
94 839
94 908
94 924
95 105
95 189
95 652
95 906
95 913
96 321
96 397
96 406
96 685
96 799
96 958
96 989
97 433
97 524
97 745
97 905
97 914
97 977
98 134
98 296
98 435
98 490
98 569
98 602
98 640
98 654
98 991
99 102
99 175
99 256
99 453
99 658
99 734
100 122
100 230
100 320
100 328
100 348
100 362
100 438
100 443
100 513
100 560
100 701
100 715
100 931
101 318
101 523
101 607
101 619
101 642
101 720
101 867
102 175
102 256
102 484
102 611
102 658
102 797
102 898
103 247
103 369
103 408
103 479
103 535
103 599
104 153
104 331
104 359
104 469
104 554
104 651
104 673
105 201
105 390
105 908
106 196
106 215
106 306
106 339
106 430
106 436
106 686
106 774
106 957
107 271
107 301
107 308
107 437
107 525
107 647
107 738
107 800
107 885
108 244
108 280
108 452
108 463
108 500
108 730
108 869
108 904
108 966
109 246
109 327
109 445
109 756
109 780
109 848
109 857
109 955
109 974
110 199
110 253
110 491
110 521
110 579
110 596
110 604
111 221
111 312
111 342
111 343
111 386
111 427
111 487
111 510
111 518
111 588
111 729
112 167
112 173
112 845
113 162
113 238
113 251
113 276
113 310
113 356
114 118
114 216
114 348
114 465
114 506
114 688
114 696
114 715
114 759
114 871
114 931
114 969
115 257
115 582
115 731
115 804
115 855
115 883
115 910
116 147
116 317
116 361
116 398
116 504
116 711
116 725
116 741
116 743
116 784
116 960
116 986
117 380
117 406
117 647
117 670
117 817
117 823
118 216
118 348
118 465
118 506
118 688
118 696
118 759
118 871
118 969
119 633
119 637
119 841
119 902
119 920
120 194
120 227
120 262
120 319
120 391
120 520
120 691
120 950
121 279
121 384
121 425
121 433
121 487
121 518
121 745
121 816
122 320
122 328
122 348
122 513
122 536
122 560
122 701
122 715
123 335
123 336
123 932
124 371
124 385
124 421
124 456
124 458
124 461
124 598
124 618
124 831
124 945
125 191
125 235
125 323
125 563
125 626
125 735
125 955
125 987
126 162
126 264
126 276
126 314
126 356
126 374
126 405
126 590
126 707
126 833
126 842
126 860
126 861
127 274
127 394
127 404
127 700
127 843
127 870
128 144
128 152
128 166
128 226
128 263
128 305
128 326
128 400
128 413
128 896
128 907
128 919
128 995
129 331
129 389
129 493
129 782
129 915
130 220
130 275
130 311
130 368
130 475
130 620
130 804
130 830
130 883
130 900
130 975
131 149
131 293
131 471
131 473
131 770
131 865
131 879
132 334
132 335
132 509
132 765
132 809
132 846
132 948
133 460
133 603
133 635
133 644
133 888
133 892
133 894
134 185
134 391
134 435
134 569
134 640
134 654
134 691
134 692
134 950
135 223
135 562
135 594
135 697
135 856
135 916
135 952
136 381
136 434
136 641
136 754
137 138
137 332
137 756
137 857
137 998
138 332
138 756
138 857
138 998
139 290
139 354
139 407
139 431
139 448
139 616
139 623
139 648
139 661
139 717
139 972
140 233
140 259
140 350
140 676
140 834
141 154
141 181
141 203
141 504
141 628
141 681
141 741
142 204
142 284
142 359
142 439
142 572
142 639
142 664
142 737
142 776
142 806
143 260
143 491
143 564
143 565
143 722
143 732
143 858
143 866
143 937
143 967
143 985
144 226
144 263
144 305
144 400
144 413
144 574
144 907
144 914
144 919
144 995
145 219
145 363
145 462
145 627
145 643
145 667
145 752
145 874
145 899
145 903
145 949
146 164
146 244
146 280
146 452
146 553
146 793
147 361
147 398
147 447
147 504
147 711
147 725
147 741
147 743
147 784
147 960
148 283
148 324
148 978
149 293
149 364
149 471
149 473
149 600
149 621
149 758
149 865
149 925
150 158
150 195
150 232
150 474
150 666
150 672
150 694
150 863
150 895
150 939
151 228
151 313
151 341
151 470
151 751
151 818
151 840
151 853
151 944
152 166
152 326
152 413
152 589
152 629
152 896
152 995
153 331
153 469
153 651
153 673
153 728
153 803
154 181
154 203
154 488
154 504
154 645
154 665
154 705
155 199
155 289
155 441
155 604
155 750
155 796
155 875
156 229
156 399
156 426
156 613
156 634
156 708
156 736
156 994
157 183
157 365
157 384
157 533
157 816
157 943
158 195
158 241
158 246
158 403
158 556
158 568
158 602
159 178
159 454
159 534
159 539
159 544
159 653
159 744
159 746
159 935
160 378
160 382
160 675
160 709
160 712
160 781
160 789
160 875
160 911
160 971
161 299
161 377
161 395
161 422
161 926
161 934
161 976
162 238
162 264
162 276
162 356
162 374
162 590
162 630
162 768
162 833
163 229
163 254
163 270
163 355
163 478
163 483
163 527
163 537
163 708
163 739
163 956
164 267
164 280
164 553
164 793
165 174
165 184
165 376
165 441
165 723
165 890
166 226
166 326
166 467
166 526
166 896
166 928
166 995
167 275
167 292
167 340
167 475
167 804
167 830
167 855
167 883
167 900
167 975
168 281
168 394
168 545
168 680
168 700
168 773
168 790
168 843
168 912
168 938
169 450
169 464
169 517
169 541
169 802
169 936
170 454
170 544
170 653
170 656
170 798
170 864
170 935
170 983
171 180
171 245
171 466
171 488
171 543
171 665
171 921
171 923
172 267
172 303
172 358
172 387
172 428
172 542
172 622
172 693
172 772
172 788
172 815
173 455
173 507
173 820
173 845
174 184
174 390
174 592
174 608
174 723
174 890
175 231
175 256
175 351
175 453
175 611
175 658
175 734
175 898
176 182
176 187
176 202
176 277
176 316
176 551
176 657
176 703
176 785
176 968
176 992
177 290
177 298
177 407
177 419
177 777
177 788
177 881
178 454
178 494
178 534
178 539
178 544
178 653
178 744
178 746
178 935
179 410
179 499
179 570
179 631
179 997
180 236
180 245
180 268
180 481
180 567
181 628
181 681
181 986
182 187
182 202
182 224
182 316
182 318
182 551
182 657
182 703
182 867
182 968
182 992
183 365
183 384
183 425
183 533
183 816
183 943
184 592
184 723
184 827
184 890
185 262
185 391
185 435
185 569
185 640
185 691
185 692
185 950
186 261
186 332
186 402
186 576
186 847
186 966
186 981
187 202
187 224
187 257
187 316
187 318
187 551
187 642
187 657
187 867
187 968
188 229
188 269
188 423
188 429
188 478
188 522
188 537
188 708
188 736
188 940
188 956
189 210
189 515
189 652
189 906
189 913
190 205
190 271
190 388
190 577
190 786
190 963
191 366
191 563
191 626
191 735
191 987
192 455
192 495
192 820
193 322
193 492
193 555
194 227
194 262
194 319
194 338
194 391
194 691
194 761
194 762
195 556
195 568
195 654
195 939
196 215
196 258
196 306
196 436
196 514
196 686
196 774
196 837
197 561
197 582
197 636
197 807
197 812
197 819
197 910
197 917
198 201
198 269
198 423
198 429
198 480
198 515
198 587
198 649
198 724
198 908
198 913
198 924
198 940
199 253
199 289
199 521
199 564
199 579
199 604
199 722
199 796
200 271
200 525
200 566
200 577
200 687
201 390
201 480
201 515
201 530
201 587
201 608
201 649
201 839
201 908
201 913
201 924
202 220
202 277
202 316
202 551
202 657
202 731
202 785
202 968
202 992
203 315
203 504
203 705
203 741
203 784
204 284
204 359
204 392
204 439
204 554
204 572
204 614
204 639
204 664
204 737
204 776
204 806
205 388
205 577
205 763
205 786
205 822
205 963
205 964
206 263
206 467
206 601
206 710
207 237
207 314
207 458
207 461
207 489
207 598
207 831
207 860
207 861
207 873
207 945
207 946
207 984
208 265
208 370
208 505
208 522
208 523
208 537
208 561
208 586
208 636
208 838
208 910
208 917
209 431
209 503
209 616
209 623
209 648
209 706
209 992
210 399
210 426
210 531
210 724
210 906
211 239
211 304
211 373
211 625
211 813
211 887
212 242
212 357
212 411
212 494
212 509
212 511
212 597
212 746
212 765
212 809
212 846
212 849
212 948
212 965
213 341
213 424
213 470
213 684
213 769
213 853
213 944
214 601
215 306
215 339
215 686
215 774
215 957
216 465
216 506
216 696
216 759
216 871
216 969
217 262
217 520
217 546
217 581
217 646
217 882
217 950
218 499
218 563
218 573
218 982
219 231
219 291
219 330
219 415
219 420
219 462
219 667
219 695
219 880
219 899
219 903
219 959
220 277
220 311
220 475
220 731
220 785
220 804
220 855
220 883
221 279
221 294
221 342
221 386
221 427
221 433
221 588
221 745
221 836
221 977
222 266
222 516
222 526
222 605
222 749
222 873
222 928
222 946
223 562
223 697
223 856
223 916
223 952
223 957
224 354
224 431
224 642
224 657
224 703
224 709
224 721
224 789
224 867
224 942
224 968
224 992
225 252
225 299
225 395
225 422
225 733
225 778
225 825
225 926
226 263
226 305
226 326
226 400
226 413
226 574
226 896
226 907
226 919
226 995
227 262
227 319
227 338
227 391
227 691
227 761
228 375
228 470
228 555
228 751
228 853
228 944
229 254
229 270
229 355
229 478
229 527
229 708
229 736
229 956
230 328
230 438
230 443
230 575
230 677
230 714
231 255
231 256
231 330
231 351
231 415
231 420
231 453
231 462
231 611
231 695
231 880
231 959
232 345
232 666
232 672
232 863
232 868
232 895
232 918
232 939
233 248
233 259
233 502
233 507
233 834
234 366
234 375
234 751
234 783
234 814
235 393
235 451
235 735
235 974
235 987
236 442
236 498
236 567
236 690
236 921
236 923
236 930
237 309
237 314
237 461
237 489
237 831
237 835
237 860
237 861
237 945
237 946
237 984
238 374
238 417
238 768
238 960
239 304
239 625
240 369
240 547
240 801
241 246
241 403
241 474
241 568
241 694
241 795
242 357
242 411
242 494
242 509
242 511
242 534
242 597
242 744
242 746
242 765
242 809
242 849
242 965
243 463
243 500
243 762
243 991
244 280
244 325
244 447
244 463
244 766
244 869
244 904
245 466
245 488
245 543
245 645
245 665
245 668
246 323
246 327
246 403
246 445
246 556
246 568
246 780
246 848
246 955
247 408
247 479
247 535
247 599
247 628
247 681
248 337
248 502
248 507
248 593
248 606
248 820
248 824
248 834
249 484
249 493
249 728
249 782
249 803
249 935
250 272
250 353
250 457
250 595
251 310
251 319
252 299
252 395
252 422
252 733
252 778
252 825
252 926
253 491
253 521
253 538
253 579
253 596
254 270
254 355
254 483
254 527
254 708
254 739
254 956
255 330
255 351
255 368
255 415
255 420
255 453
255 611
255 695
255 880
255 920
255 959
256 351
256 420
256 453
256 611
256 734
256 898
256 959
257 316
257 318
257 370
257 523
257 551
257 636
257 867
257 910
258 306
258 436
258 514
258 637
258 841
258 902
259 350
259 495
259 676
260 491
260 564
260 565
260 579
260 722
260 732
260 858
260 937
260 967
261 285
261 396
261 402
261 452
261 730
261 847
261 966
261 981
262 319
262 391
262 520
262 646
262 691
262 950
263 305
263 574
263 907
263 919
263 995
264 276
264 356
264 374
264 590
264 630
264 707
264 833
265 370
265 478
265 505
265 522
265 523
265 537
265 561
265 586
265 636
265 819
265 838
265 910
265 917
266 353
266 457
266 516
266 605
266 749
266 835
266 873
266 946
266 990
267 303
267 358
267 387
267 428
267 689
267 693
267 772
268 481
268 668
268 826
268 953
269 423
269 429
269 478
269 480
269 515
269 522
269 537
269 586
269 587
269 649
269 736
269 839
269 908
269 913
269 924
269 940
270 355
270 483
270 527
270 708
270 739
270 792
271 437
271 525
271 687
271 800
272 326
272 526
272 595
272 601
272 928
273 366
273 635
273 719
273 783
273 814
273 821
274 394
274 404
274 482
274 700
274 773
274 843
274 870
274 954
275 292
275 340
275 475
275 558
275 620
275 811
275 830
275 883
275 900
275 975
276 356
276 374
276 590
276 660
276 707
276 833
276 842
277 311
277 475
277 718
277 785
278 291
278 330
278 368
278 415
278 420
278 638
278 695
278 718
278 785
278 880
278 959
279 386
279 433
279 745
279 836
279 977
280 325
280 447
280 452
280 553
280 730
280 766
280 793
280 869
281 394
281 700
281 773
281 843
281 912
282 284
282 439
282 440
282 528
282 576
282 664
282 702
282 891
282 909
283 295
283 682
283 929
284 359
284 439
284 440
284 528
284 576
284 664
284 909
285 396
285 779
285 862
285 891
285 981
286 416
286 501
286 632
286 767
287 460
287 477
287 552
287 644
287 859
287 888
287 892
287 894
288 324
288 401
288 432
288 486
288 650
288 698
288 961
288 964
289 441
289 521
289 564
289 579
289 604
289 750
289 796
290 407
290 448
290 616
290 648
290 661
290 717
290 876
290 886
290 972
291 330
291 415
291 420
291 638
291 667
291 695
291 718
291 880
291 959
292 337
292 340
292 558
292 593
292 620
292 811
292 830
292 883
292 900
292 975
293 364
293 471
293 473
293 600
293 621
293 758
293 865
293 925
294 427
294 588
294 704
294 836
294 914
294 977
295 545
295 682
295 757
295 790
295 929
296 490
296 602
296 991
297 352
297 575
297 584
297 677
297 714
297 787
297 927
297 970
298 363
298 419
298 512
298 583
298 609
298 627
298 752
298 874
298 881
298 949
299 395
299 422
299 652
299 926
299 976
300 321
300 380
300 397
300 406
300 670
300 817
300 897
300 988
301 557
301 624
301 655
301 699
301 738
301 763
301 786
301 800
302 346
302 755
303 358
303 387
303 428
303 689
303 693
303 705
303 772
304 373
304 625
304 813
304 932
305 400
305 413
305 574
305 907
305 919
305 995
306 430
306 436
306 514
306 686
306 774
307 339
307 414
307 485
307 669
307 674
307 679
307 854
307 947
308 412
308 647
308 662
308 670
308 738
308 817
308 823
308 885
308 889
308 988
308 993
309 314
309 405
309 532
309 707
309 860
309 861
310 319
311 368
311 475
311 718
311 785
312 342
312 343
312 386
312 487
312 510
312 518
312 588
312 659
312 729
312 828
313 341
313 410
313 470
313 570
313 818
313 840
313 853
313 944
314 489
314 532
314 707
314 860
314 861
314 984
315 504
315 689
315 705
315 741
315 784
316 318
316 551
316 657
316 731
316 867
316 968
317 361
317 385
317 618
317 711
317 725
317 740
317 960
317 986
318 370
318 523
318 551
318 607
318 642
318 657
318 720
318 867
318 910
319 338
319 391
319 691
319 761
320 328
320 471
320 513
320 536
320 560
320 701
320 770
320 879
321 397
321 406
321 485
321 685
321 799
321 829
321 897
321 958
321 989
322 492
322 877
323 327
323 403
323 735
323 780
323 848
323 955
323 974
324 401
324 432
324 486
324 698
324 699
324 961
325 447
325 463
325 617
325 760
325 762
325 766
325 869
326 467
326 526
326 896
326 928
326 995
327 445
327 780
327 848
327 955
327 974
328 362
328 438
328 443
328 513
328 701
328 715
329 360
329 414
329 529
329 559
329 669
329 674
329 754
329 824
329 834
329 837
329 854
330 415
330 420
330 462
330 638
330 695
330 880
330 959
331 389
331 469
331 493
331 554
331 651
331 728
332 402
333 372
333 692
333 742
333 851
333 882
333 950
333 973
334 335
334 373
334 765
334 813
334 846
334 948
335 373
335 765
335 813
335 846
335 948
336 444
336 663
336 932
337 340
337 502
337 507
337 558
337 593
337 606
337 811
337 975
338 617
338 760
338 761
338 762
339 347
339 686
339 878
339 951
339 957
340 558
340 593
340 620
340 811
340 830
340 883
340 900
340 975
341 424
341 470
341 684
341 840
341 853
341 944
342 386
342 427
342 510
342 518
342 588
342 729
342 836
343 472
343 510
343 659
343 729
343 764
343 810
343 828
344 650
344 822
344 901
344 938
345 372
345 615
345 666
345 672
345 852
345 863
345 868
345 895
345 918
345 939
345 973
346 490
346 602
346 755
347 485
347 679
347 878
347 897
347 947
347 951
347 957
348 443
348 513
348 536
348 560
348 688
348 714
348 715
348 871
348 931
349 459
349 578
349 678
349 794
349 844
349 999
350 495
350 496
350 548
350 676
351 453
351 611
351 633
351 898
351 959
352 584
352 850
352 927
352 934
352 996
353 457
353 516
353 595
353 605
353 990
354 431
354 448
354 503
354 616
354 623
354 648
354 661
354 703
354 706
354 717
354 972
354 992
355 364
355 483
355 527
355 708
355 792
356 374
356 590
356 660
356 707
356 833
356 842
357 411
357 494
357 509
357 511
357 534
357 597
357 678
357 746
357 765
357 794
357 849
357 965
358 428
358 622
358 693
358 772
358 777
358 788
358 815
359 392
359 439
359 554
359 572
359 639
359 664
359 737
359 776
360 414
360 559
360 669
360 674
360 824
360 837
360 854
361 398
361 711
361 725
361 740
361 743
361 768
361 960
361 986
362 426
362 438
362 471
362 497
362 613
362 701
362 884
362 994
363 512
363 627
363 752
363 872
363 874
363 881
363 899
363 903
363 949
364 600
364 621
364 634
364 758
364 884
364 925
364 994
365 384
365 425
365 487
365 533
365 816
365 943
366 821
367 585
367 603
367 719
367 808
367 821
368 638
368 718
369 427
369 547
369 704
369 893
370 505
370 523
370 561
370 636
370 819
370 910
370 917
371 385
371 421
371 456
371 461
371 489
371 598
371 618
371 831
371 945
371 984
372 435
372 615
372 654
372 672
372 742
372 851
372 852
372 918
372 939
372 973
373 625
373 809
373 813
373 846
373 915
373 948
374 421
374 590
374 630
374 768
374 833
375 751
375 783
375 814
376 530
376 608
376 619
376 838
376 839
376 890
377 395
377 422
377 591
377 976
378 382
378 442
378 498
378 675
378 690
378 712
378 726
378 750
378 875
378 911
378 930
378 971
379 430
379 468
379 716
379 775
379 805
379 832
379 962
380 397
380 406
380 670
380 817
380 823
380 988
381 434
381 529
381 641
381 754
381 799
382 441
382 675
382 712
382 750
382 781
382 875
382 911
382 971
384 425
384 487
384 518
384 533
384 816
384 943
385 421
385 456
385 580
385 618
385 740
385 986
386 427
386 510
386 518
386 588
386 729
386 836
386 977
387 428
387 689
387 693
387 705
387 772
388 401
388 698
388 699
388 763
388 786
388 822
388 963
388 964
389 887
389 915
390 480
390 530
390 608
390 723
390 908
391 520
391 569
391 640
391 691
391 692
391 761
391 950
392 572
392 614
392 639
392 737
392 806
393 451
393 719
393 808
393 821
393 987
394 404
394 700
394 773
394 843
394 870
394 912
395 422
395 778
395 926
395 976
396 452
396 553
396 730
396 847
396 862
396 966
396 981
397 406
397 670
397 817
397 958
398 417
398 447
398 711
398 725
398 743
398 766
398 960
399 426
399 531
399 613
399 724
399 906
399 994
400 413
400 907
400 914
400 919
400 995
401 432
401 486
401 650
401 698
401 763
401 822
401 938
401 961
401 964
402 576
402 847
402 966
402 981
403 556
403 568
404 482
404 700
404 773
404 843
404 870
404 954
405 532
405 707
405 833
405 842
406 670
406 817
406 958
407 419
407 616
407 648
407 777
407 881
408 479
408 599
408 628
408 645
408 668
408 681
408 826
409 444
409 451
409 501
409 585
409 663
409 791
409 808
410 570
410 997
411 494
411 509
411 511
411 597
411 678
411 746
411 765
411 809
411 849
411 965
412 662
412 753
412 817
412 878
412 889
412 951
412 988
412 993
413 589
413 896
413 907
413 919
413 995
414 529
414 559
414 669
414 674
414 679
414 837
414 854
414 947
415 420
415 453
415 462
415 638
415 695
415 880
415 959
416 614
416 632
416 767
417 711
417 743
417 768
417 960
418 546
418 581
418 646
418 660
419 583
419 777
419 788
419 815
419 881
419 922
420 453
420 462
420 638
420 695
420 880
420 959
421 456
421 618
421 630
421 740
421 768
422 778
422 926
422 976
423 429
423 478
423 515
423 522
423 537
423 586
423 587
423 649
423 736
423 924
423 940
423 956
424 470
424 684
424 769
424 853
424 944
425 487
425 518
425 533
425 816
425 943
426 438
426 531
426 613
426 724
426 994
427 510
427 588
427 704
427 893
428 542
428 622
428 689
428 693
428 772
428 788
428 815
429 480
429 515
429 522
429 537
429 586
429 587
429 649
429 736
429 839
429 908
429 913
429 924
429 940
430 436
430 468
430 716
430 774
430 775
430 832
430 962
431 448
431 503
431 616
431 623
431 648
431 661
431 703
431 706
431 717
431 972
431 992
432 486
432 698
432 699
432 763
432 961
433 745
433 836
433 905
433 977
434 529
434 641
434 754
434 799
435 569
435 615
435 640
435 654
435 692
435 852
435 918
435 939
436 514
436 637
436 774
436 841
437 525
437 687
437 800
438 443
438 497
438 613
438 701
439 440
439 528
439 576
439 664
439 683
439 909
440 528
440 576
440 664
440 683
440 702
440 909
441 750
441 796
441 875
442 498
442 675
442 690
442 726
442 930
443 513
443 677
443 701
443 714
443 715
443 931
444 501
444 585
444 663
444 791
444 932
445 556
445 568
445 780
445 848
446 476
446 540
446 541
446 747
446 858
446 937
447 743
447 766
448 616
448 623
448 648
448 661
448 717
448 972
449 450
449 464
449 519
449 565
449 748
449 802
449 827
449 866
449 979
449 980
449 985
450 464
450 519
450 733
450 748
450 778
450 802
450 979
450 980
451 501
451 808
451 987
452 553
452 730
452 904
452 966
452 981
453 611
453 734
453 880
453 959
454 534
454 544
454 653
454 744
454 798
454 935
454 983
455 495
455 820
455 845
456 461
456 489
456 618
456 630
456 831
456 945
457 516
457 526
457 595
457 605
458 461
458 598
458 629
458 831
458 945
458 984
459 578
459 844
460 477
460 552
460 603
460 644
460 888
460 892
460 894
461 489
461 598
461 831
461 860
461 861
461 945
461 946
461 984
462 667
462 695
462 880
462 899
462 903
462 959
463 500
463 617
463 760
463 762
463 869
463 904
464 519
464 541
464 565
464 748
464 802
464 866
464 980
464 985
465 506
465 696
465 759
465 787
465 871
465 969
465 970
466 488
466 543
466 645
466 665
466 921
466 923
467 601
467 710
468 716
468 775
468 805
468 832
469 493
469 651
469 673
469 728
469 803
470 555
470 684
470 840
470 853
470 944
471 497
471 770
471 879
471 884
471 925
472 549
472 610
472 659
472 810
472 828
473 600
473 621
473 865
474 666
474 671
474 694
474 727
474 795
475 620
475 731
475 804
475 830
475 883
475 900
476 517
476 540
476 747
477 552
477 585
477 644
477 859
477 892
478 522
478 537
478 708
478 736
478 940
478 956
479 535
479 599
479 628
479 668
479 681
479 826
480 515
480 530
480 586
480 587
480 608
480 649
480 838
480 839
480 908
480 913
480 924
481 521
481 538
481 567
481 596
481 953
482 539
482 954
483 527
483 739
483 792
484 658
484 797
484 798
484 864
484 935
484 983
485 679
485 829
485 897
485 947
485 958
485 989
486 650
486 698
486 763
486 822
486 938
486 961
486 964
487 518
487 533
487 816
487 943
488 645
488 665
488 668
489 598
489 831
489 860
489 861
489 945
489 984
490 556
490 602
490 991
491 564
491 579
491 722
491 732
491 937
491 967
492 555
492 877
493 651
493 728
493 782
493 803
494 509
494 511
494 534
494 597
494 744
494 746
494 809
494 849
494 965
495 496
495 548
495 676
496 548
496 571
496 676
497 613
497 634
497 770
497 884
497 925
497 994
498 612
498 675
498 690
498 726
498 930
498 971
499 631
499 997
500 730
500 869
500 904
501 663
501 791
502 507
502 558
502 593
502 606
502 824
502 834
503 616
503 623
503 648
503 706
503 992
504 705
504 725
504 741
504 784
505 522
505 523
505 537
505 561
505 586
505 636
505 838
505 839
506 696
506 759
506 871
506 969
507 558
507 593
507 820
507 845
508 542
508 550
508 612
508 726
508 876
508 886
508 930
509 511
509 597
509 765
509 809
509 846
509 849
509 948
509 965
510 518
510 588
510 729
510 764
510 828
511 534
511 597
511 744
511 746
511 809
511 846
511 849
511 965
512 583
512 609
512 627
512 752
512 872
512 874
512 881
512 922
512 949
513 536
513 560
513 701
513 715
514 774
514 841
515 587
515 649
515 724
515 908
515 913
515 924
515 940
516 605
516 749
516 873
516 946
516 990
517 540
517 541
517 747
517 936
518 588
518 729
519 748
519 802
519 866
519 979
519 980
519 985
520 546
520 581
520 646
520 950
521 579
521 596
521 604
522 537
522 561
522 586
522 636
522 736
522 917
522 956
523 561
523 607
523 619
523 636
523 720
523 838
523 910
524 745
524 905
524 914
524 919
524 977
525 687
525 800
526 595
526 749
526 928
527 792
528 576
528 664
528 683
528 702
528 909
529 559
529 669
529 754
529 854
530 586
530 587
530 608
530 649
530 838
530 839
530 908
530 924
531 613
531 724
531 906
532 835
533 810
533 816
533 943
534 539
534 544
534 653
534 744
534 746
534 849
534 935
535 599
535 764
535 826
536 560
536 701
537 561
537 708
537 736
537 940
537 956
538 596
538 828
538 953
539 653
539 746
539 757
540 747
541 565
541 732
541 802
541 858
541 866
541 937
542 550
542 612
542 622
542 693
542 772
542 788
542 876
543 550
543 665
543 921
543 923
544 653
544 744
544 798
544 935
544 983
545 682
545 757
545 790
545 929
546 581
546 646
547 589
547 704
548 571
548 676
549 610
549 659
549 810
550 612
550 622
550 726
550 876
550 886
550 921
550 923
550 930
551 657
551 731
551 867
551 968
552 644
552 859
552 892
553 793
554 651
554 673
555 853
556 568
556 602
557 624
557 655
557 699
557 738
557 753
557 800
557 889
558 593
558 620
558 811
558 820
558 830
558 845
558 900
558 975
559 669
559 674
559 824
559 837
559 854
560 701
560 715
561 636
561 807
561 819
561 910
561 917
562 594
562 697
562 856
562 916
562 952
562 978
563 573
563 626
563 982
564 579
564 604
564 722
564 732
564 796
564 967
565 732
565 748
565 802
565 858
565 866
565 937
565 967
565 985
566 687
567 596
569 640
569 691
569 692
569 991
570 997
572 614
572 639
572 737
572 767
572 776
572 806
573 626
573 982
574 907
574 919
575 584
575 677
575 714
575 850
576 664
576 702
576 909
577 963
578 844
579 604
579 722
579 796
580 618
580 628
580 740
580 801
580 986
581 646
582 636
582 807
582 812
582 819
582 910
582 917
583 609
583 779
583 881
583 922
584 677
584 850
584 927
584 934
584 996
585 663
585 791
586 587
586 608
586 649
586 838
586 839
586 924
587 608
587 649
587 838
587 839
587 908
587 924
587 940
588 836
588 977
589 629
589 896
590 630
590 707
590 833
590 860
590 861
592 723
592 827
592 890
592 979
592 985
593 606
593 820
593 845
594 832
594 856
594 916
594 952
595 928
596 953
597 746
597 765
597 809
597 846
597 849
597 948
597 965
598 831
598 945
598 984
599 826
600 621
600 713
600 758
600 792
600 865
600 941
601 710
603 635
603 644
603 888
603 894
604 722
604 796
605 749
605 835
605 873
605 946
605 990
606 824
606 834
607 619
607 720
607 867
608 649
608 838
608 839
608 908
608 924
609 627
609 779
609 872
609 874
609 881
609 922
609 949
610 659
610 810
611 633
611 898
612 726
612 876
612 886
612 930
613 634
613 884
613 925
613 994
614 639
614 737
614 767
614 776
614 806
615 654
615 672
615 851
615 852
615 863
615 895
615 918
615 939
615 973
616 623
616 648
616 661
616 706
616 717
616 972
617 760
617 761
617 762
617 869
618 630
618 740
618 986
619 720
620 811
620 830
620 883
620 900
620 975
621 713
621 758
621 792
621 865
621 941
622 693
622 772
622 777
622 788
622 815
623 648
623 661
623 706
623 717
623 972
623 992
624 655
624 699
624 738
624 753
624 889
625 813
625 932
626 982
627 643
627 752
627 872
627 874
627 881
627 899
627 903
627 949
628 681
629 896
630 740
630 768
631 671
631 727
631 997
632 767
633 898
633 902
633 920
633 962
634 758
634 884
634 925
634 994
635 783
635 814
636 807
636 819
636 910
636 917
637 841
637 902
637 920
638 695
638 718
638 785
638 880
638 959
639 737
639 776
639 806
640 691
640 692
640 950
641 754
642 657
642 703
642 709
642 720
642 721
642 781
642 789
642 867
642 942
642 968
643 752
643 872
643 899
644 859
644 888
644 892
644 894
645 665
645 668
645 681
647 738
647 823
647 885
647 933
648 661
648 706
648 717
648 972
649 838
649 839
649 908
649 924
650 680
650 822
650 901
650 938
650 961
650 964
651 673
651 728
651 803
652 850
652 926
653 744
653 746
653 798
653 935
654 918
654 939
655 753
655 889
655 978
656 797
656 798
656 805
656 864
656 983
657 703
657 721
657 867
657 968
658 734
658 797
658 898
659 729
659 810
659 828
660 842
661 703
661 709
661 717
661 789
661 972
662 670
662 738
662 753
662 817
662 823
662 885
662 889
662 988
662 993
663 791
663 932
664 683
664 909
665 668
666 672
666 694
666 863
666 868
666 895
666 939
667 695
667 880
667 899
667 903
668 826
669 674
669 754
669 824
669 837
669 854
670 817
670 823
670 988
671 694
671 727
671 795
672 852
672 863
672 868
672 895
672 918
672 939
673 683
674 679
674 837
674 854
674 947
675 709
675 726
675 789
675 911
675 930
675 971
677 714
677 715
677 931
678 794
678 844
678 954
678 965
679 829
679 854
679 897
679 947
680 773
680 790
680 912
680 938
680 961
682 757
682 790
682 929
682 961
683 909
684 769
684 853
684 944
685 799
685 829
685 958
685 989
686 774
686 957
688 871
688 969
689 705
690 726
690 930
691 692
691 761
691 950
692 742
692 882
692 950
693 772
693 788
694 727
694 795
695 718
695 880
695 959
696 759
696 871
696 969
697 856
697 916
697 952
698 699
698 763
698 786
698 963
698 964
699 763
699 786
699 800
699 964
700 773
700 790
700 843
700 870
700 912
701 715
702 779
702 862
702 891
702 909
702 922
703 717
703 721
703 968
703 992
704 893
705 741
706 992
707 833
707 860
707 861
708 736
708 956
709 712
709 717
709 721
709 781
709 789
709 911
709 942
709 971
711 725
711 740
711 743
711 768
711 784
711 960
711 986
712 750
712 781
712 789
712 875
712 911
712 942
712 971
713 771
713 941
714 715
714 759
714 787
714 931
715 931
716 775
716 832
716 962
717 789
717 972
718 785
719 783
719 808
719 814
719 821
720 721
720 867
720 942
721 781
721 789
721 867
721 911
721 942
722 732
722 796
722 937
722 967
723 827
723 890
724 906
724 913
724 940
725 740
725 741
725 743
725 784
725 960
725 986
726 886
726 930
726 971
727 795
728 803
729 828
730 869
730 904
730 966
730 981
731 804
731 855
731 883
732 748
732 858
732 866
732 937
732 967
732 985
733 778
733 825
733 979
733 980
735 780
735 955
735 974
736 940
736 956
737 767
737 776
737 806
737 998
738 753
738 800
738 885
738 889
739 812
740 986
741 784
742 851
742 882
742 950
742 973
743 766
743 960
744 746
744 849
744 935
745 836
745 905
745 977
746 849
746 965
748 802
748 827
748 866
748 979
748 980
748 985
749 873
749 946
750 875
751 818
751 944
752 872
752 874
752 899
752 903
752 949
753 889
753 993
754 854
755 966
756 848
756 857
757 790
757 929
758 792
758 865
758 884
758 925
759 787
759 871
759 931
759 969
760 761
760 762
760 766
760 869
761 762
762 869
763 786
763 963
763 964
764 826
764 828
764 953
765 809
765 846
765 948
765 965
766 869
767 806
768 960
770 879
771 941
772 788
773 790
773 843
773 912
775 832
775 962
776 806
776 998
777 788
777 815
778 825
778 926
779 862
779 891
779 922
780 848
780 955
780 974
781 789
781 911
781 942
781 971
782 915
783 814
783 821
786 800
786 963
787 931
787 970
788 815
789 911
789 942
789 971
790 912
790 929
794 844
794 954
794 965
797 864
797 898
798 864
798 935
798 983
799 829
799 958
799 989
802 866
802 980
804 855
804 883
804 900
805 832
806 998
807 812
807 819
807 917
808 821
808 987
809 846
809 849
809 915
809 948
811 830
811 975
812 819
812 917
813 846
813 948
814 821
816 943
817 823
817 988
817 993
819 910
819 917
820 845
822 901
822 963
822 964
823 885
823 988
824 834
824 837
824 854
825 979
826 953
827 985
829 897
829 947
829 958
829 989
830 883
830 900
830 975
831 860
831 861
831 945
831 984
833 842
835 946
835 990
836 914
836 977
837 854
838 839
838 924
839 908
839 924
840 853
840 944
841 902
841 920
843 870
843 912
844 954
846 915
846 948
847 966
847 981
848 857
848 955
848 974
849 965
850 927
850 934
850 996
851 852
851 973
852 863
852 895
852 918
852 939
852 973
853 944
855 883
856 916
856 952
856 978
858 866
858 937
858 967
859 892
860 861
860 945
860 984
861 945
861 984
862 891
862 922
863 868
863 895
863 918
863 939
864 983
866 937
866 967
866 980
866 985
867 968
868 895
868 918
869 904
871 969
872 949
873 946
873 990
874 881
874 899
874 903
874 949
875 911
876 886
878 897
878 951
878 957
878 993
880 959
881 949
882 950
883 900
883 975
884 925
884 994
885 889
886 930
887 915
888 892
888 894
889 993
891 922
892 894
895 918
895 939
896 907
896 995
897 947
897 951
897 958
897 989
899 903
899 949
900 975
901 938
901 964
902 920
905 914
905 977
907 919
907 995
908 913
908 924
910 917
911 942
911 971
912 938
913 924
913 940
914 977
915 948
916 952
916 978
918 939
918 973
919 995
921 923
924 940
925 994
926 976
927 934
927 996
934 996
935 983
937 967
938 961
945 984
946 984
946 990
951 957
952 978
955 974
958 989
963 964
966 981
967 985
968 992
979 980
979 985
980 985
988 993
