100 217
0 4
0 10
0 16
0 30
0 47
0 64
0 90
0 92
1 6
1 58
2 27
2 62
2 75
3 25
3 35
3 65
3 94
4 16
4 37
4 47
4 64
4 78
4 79
4 86
5 27
5 55
5 59
5 80
5 83
6 20
6 23
6 58
7 14
7 50
7 74
7 95
8 9
8 46
8 52
8 55
8 59
9 41
9 46
9 52
9 82
10 30
10 64
10 90
10 92
11 29
11 39
11 57
12 43
12 54
12 91
13 25
13 70
14 50
15 63
15 76
15 95
16 47
16 64
16 90
17 56
17 60
18 20
18 21
18 24
18 28
18 45
18 61
18 84
19 40
19 53
19 72
19 77
20 21
20 24
20 45
21 24
21 28
21 45
21 61
21 87
21 93
21 98
22 52
22 66
22 82
22 85
23 58
23 66
24 45
24 61
24 84
25 57
25 70
26 40
27 51
27 62
27 80
27 83
28 45
28 61
28 84
28 88
29 99
30 50
30 74
30 90
31 34
31 56
31 67
31 75
31 89
32 68
32 70
33 35
33 38
33 48
33 69
33 71
34 56
34 67
34 89
35 48
35 65
35 69
35 94
35 95
36 71
37 43
37 54
37 78
37 79
38 48
39 42
39 57
39 60
40 41
40 46
40 72
40 82
41 46
41 53
41 82
42 57
42 71
43 54
43 79
43 91
44 99
45 61
45 84
46 52
46 82
47 64
47 90
48 69
49 60
49 81
49 96
50 74
51 62
51 80
51 83
52 55
52 66
52 82
53 73
53 82
53 85
53 87
54 78
54 79
54 91
55 59
55 80
56 67
56 81
56 89
59 80
59 83
61 84
61 88
62 75
63 76
64 90
64 92
65 94
66 82
66 85
67 89
68 90
73 82
73 85
73 87
74 94
74 95
77 87
77 93
77 98
78 79
78 84
79 91
80 83
81 96
82 85
84 88
85 87
86 92
86 97
87 93
87 98
93 98
94 95
